GSPC: -0.4845285327893044
DJI: -0.6005548199026406
IXIC: -0.11336629558035005
